# 5
perimeter=0.0001638 
perimeter=8.72e-05 
perimeter=0.000106 
perimeter=0.0002886 
$This is end of the device boxl file$
